141.5179 161.7097 -45.64659
160.2811 156.4314 -35.33234
132.7887 170.0323 -43.1506
138.2787 168.3209 -30.80766
148.971 157.5013 -42.91391
129.1605 172.442 -37.06994
146.4648 162.4429 -34.63377
139.2608 165.2039 -39.19826
133.2078 170.9705 -24.80201
151.8969 164.0165 -21.84769
139.9279 169.4781 -18.48114
154.3803 160.5963 -31.37841
144.0713 165.8078 -28.17077
118.9383 179.9734 -17.68083
120.506 173.9532 -53.14056
124.4286 174.5717 -37.76311
138.4338 163.1642 -50.97042
155.5155 156.0408 -39.78152
131.4245 169.8715 -48.26534
122.9783 177.82 -25.79075
127.9712 172.324 -42.20444
144.1417 161.443 -40.28265
135.7008 168.6326 -36.23857
136.3304 166.5555 -46.13186
132.1734 170.9344 -31.69103
149.9371 163.0242 -28.86974
151.2387 158.5321 -37.33487
144.9194 158.0284 -48.63491
139.2854 168.3266 -23.81462
141.9023 164.8555 -33.71864
105.5487 130.5073 -25.86275
121.3456 175.9857 -42.9921
156.786 149.918 -48.2295
144.772 167.0128 -21.20792
152.2754 153.8994 -45.73262
127.1404 174.3366 -32.24321
124.9624 173.5329 -49.05544
